916799081416908820
916777501890605116
916772732908228668
916777516528709632
916799053658980353
916777505464127488
916777479757250600
916798965868019763
916798943373971456
916798956888002650
916777847299924029
916799088861790248
916777498077958154
916777506785337354
916777816987668550
916777218015903814
916777478746411060
916777860289663028
916798973644271637
916777837904687144
916777509431967794
916772724586729502
916777828412981368
916777223296544838
916799090539499560
916772726151188621
916777485440532552
916799104057757787
916777473994281000
916799055466733578
916798944003108874
916777845290827827
916777836268892230
916777856003080282
916799074223673455
916777503035641877
916799052287455253
916777472501096458
916777230774984735
916798919453839400
916798958540554260
916777471821619280
916777842673614870
916777515022954497
916777852802826300
916798946096074832
916799057178009631
916777502612025374
916777819827236924
916799098647085106
916799085170786304
916772723202609182
916798970737610812
916777828748513371
916777841927012433
916777850340782152
916798936876974091
916777217235779654
916799067235962910
916777482508722187
916798970032975912
916799074903158824
916777824545800262
916798954442747904
916799106935062569
916777812906639390
916798922880585810
916777504772079716
916777508010098698
916777848797294683
916777843906707466
916798930551996476
916777488049373212
916777853524267019
916798924755464202
916798942728036392
916798938445643837
916777849816506378
916799059342266369
916777462694817843
916777508685348934
916777494747709440
916777518160302101
916798955738787842
916799070297800806
916799094247284747
916799097506263061
916777497268469780
916798972138512445
916798933869658122
916777813191852033
916772730572013658
916799068095799316
916772728562921512
916799071925178408
916777476070465548
916777826189983754
916799082402570302
916799092615680020
916799054741127258
916799060860616715
916777236508590110
916798945487913010
916798961455611934
916777216262672425
916798940496670790
916799095048380557
916798967520591893
916777510790918184
916777840131858453
916777482160570519
916799058948014150
916777481208479764
916777812071960677
916799065474347078
916777466155122718
916777844586217572
916799083467923536
916798963523399691
916777513013895208
916772729804431410
916799103214706699
916798926508662856
916799086542356551
916798922121412700
916799077134508062
916777489672581120
916799064048279582
916798926248640613
916777820498325514
916772731012415539
916799061762400266
916798920284340294
916798953645801493
916799076274696232
916799053218578462
916777464938790982
916799080733224980
916777836939997184
916777225066520606
916777818002690059
916777810025144391
916799091231576084
916799060084682823
916777229671866438
916777841272684556
916798966690111539
916798928064765954
916772720249831476
916777485000146996
916777220494741505
916777811316985907
916798921710379008
916799096071806997
916777483590840391
916777484404539392
916777495431364648
916777831206379531
916798962814558238
916799089671295076
916772737714901052
916777477756567622
916798949896114267
916798952291053578
916777486552031242
916777829859999755
916798948457447455
916777518948843592
916777228765913118
916777226048008222
916799068884312064
916798925460107314
916799082071208016
916777221266481174
916777492814127224
916777859295621141
916777511424253952
916799106062618655
916799062521544704
916777464141860915
916777814907301948
916799066149621760
916777857789857904
916799077956603915
916777500284170291
916798936503713802
916798927427239987
916777827041427467
916798969319936010
916777815599353867
916772726444818494
916777834519855124
916777234814107709
916798957793984574
916777815859396619
916777465660198973
916777833739726881
916799099079106621
916777471125381183
916772732102930493
916799058159493220
916777498577080401
916799101683793930
916799069643497472
916799085879636008
916777839423017071
916777823832801280
916798972977348678
916772738495029299
916777226681339974
916777487260844032
916777234302390322
916772727409500230
916798951565434920
916777814273982524
916798961812111361
916777820850651167
916777510132408320
916799075578445884
916799087930654830
916799105395720243
916777851284500500
916777469686714398
916777232368824410
916798921005756476
916798949057257543
916772739250020392
916777500728774677
916777218724737056
916772722560888882
916777857466920971
916777840614207509
916799087167275120
916777466952036443
916777504071630858
916798935748722808
916777838198288475
916772735479349299
916772723538141205
916777862000947217
916777808460677212
916777226970755113
916777468952715334
916772736452427826
916798918761791508
916777823073624134
916798937363517441
916777472857608204
916777493934010378
916777846901444618
916799091869106186
916777832208810034
916772720920911933
916777490402406470
916798931869003887
916777514393796748
916799079386873877
916798933227937842
916777499436920832
916777488514965525
916777506105851914
916798934775627776
916777474862501969
916777818694754355
916777822318653500
916772735051505784
916798929503391744
916799100907839488
916777237250977792
916777513710125116
916777846087778354
916777470341021778
916777237729149029
916798950659477645
916799093576179802
916798941725601833
916777463479144448
916798947564060673
916777491929108550
916777517543723098
916777231425093653
916777817461645323
916798955143168010
916777833018327050
916772721885605958
916799102442930176
916799056230121483
916777810671058984
916777511982096445
916777861296312340
916799104716247110
916772725379448882
916798944678408203
916777858775523359
916777228040298506
916799078468288534
916798960625156117
916799084424220722
916798939838185532
916799099913785406
916799071103111218
916777835245502485
916772734397210634
916799079709835355
916777854228901929
916777809358229535
916777467975454820
916777233388015647
916777827737677884
916798964039315507
916777856313483315
916798946582618133
916799073498050561
916798959245225984
916777855134859374
916777851993333791
916777825187545118
916799064505462816
916772737056395344
916799072713703444
916799096940036117
916777491081879643
916799063209414686
916798952924381204
916798968581750884
916777219907551342
916777830799540255
916798971400294430
916798931525054534
916777475550371942
916772733692571658
916798939108352020
916798924008865812
916777222289911879
916798965096251402
916777848260415518
916772719998152794
916777223825014795
916798959916314624
916777235711664179
916765140362358894
916777496274432060
916777480495431700
